
6555786015866082288
-2456761501484075334
9057754359556806218
-6363804274081262929
7482837045377346829
-6266071545081218870
3641763127298960624
7600789486687525235
7693422593415296305
-931206337835341961
4411419849433252306
-1580523551250459489
-9144530743406721178
8648226319715624820
718345368393316943
9197101130125499150
4663180151593080901
7345382494970109937
-357812668066018032
-7599740893321504903
-7849404702163958486
-8051367126462216636
6041071529469975124
-4303879508172811778
-3829170662791945362
-3265786220552952985
-7028064437923740928
83857826783271693
926863934991779396
-778449888977990634
3764600607719792271
1952098957630775051
1620424751984516
-1568013120906692455
-7690054563990796426
594576960874060467
-663593897848901771
-7520197084882882692
6201475964780070511
493905388255095075
-32368128748509755
1130284079660520950
-1460673325410410994
5790181606828235785
679024053156278871
-1206191402651697744
5264718203080310714
8623209699031040225
7902724530953508458
-8613872041248633373
-1815660731883741669
4477379891515696746
6260024526218243876
-7604289328198284410
-3775703772887928467
-824528339688834583
1482249450663115723
9141533754609581370
7706905295044967100
-7698433162467347219
7414456418793947442
-6500916351182836909
-5902186369063521533
-7112618744867027485
-2791830491260418955
-8545526849338806450
2269810072314655818
-4507110720802867606
-9194195160233517281
1131667958429746579
我太庆幸了，我每天差_0931ba9e38
【一个观察】昨天的互_42218a38c9
#Regardez#_4cf2201988
15年的美好回忆.._1aad9286df
汪明荃带大家看没有集_f2064c20cf
今天是 #5·17国_a844db55f7
最近我最喜欢的就是窝_fe9dc20382
回爷爷奶奶家，86岁_e9da19a500
#bibi正在#英國_522b9d6780
男的乱搞女的会得癌的_0b89b5a415
日剧《老子的裙子哪儿_5d47651338
经常有人问我：女权的_6c8fb0c071
有些男性不但能从伤害_e3437f902e
#推文##微博公开课_51616d806a
René Magr_c3d8d31399
【#美国教授：黑人像_ac32262cc7
想起之前想给@青橘波_a96149f9fb
看完了美国夫人结局，_13e19a6f61
如果是真的 “时常打_8c617f8c09
请，分享，一个，冷知_a9203a8e3a
【科普：8块钱和78_41b115d2f3
男性和女性的相互吸引_e5028545d8
@全体成员 男权法：_513bed4673
《#传闻中的陈芊芊#_0e314c2f03
柑橘类水果能够抗氧化_3aff08dae0