
-152512399901518059
7513784205176349332
5834528664397122164
606559486581603592
-5369036508879009592
-7422911663485714383
1211236963209038540
-5527395754861100602
3310685703551361005
2699206140104023799
-938097211881307589
-3788414945841788398
4004525730851258641
-1834891823209823988
-3603192399668307794
1655372116167100001
2011000179197744116
-759675522012132943
4513242523912861734
1942727781383307551
29819454521737958
6269859307211254658
7587400898029995474
5748559950897555414
2066896776439730050